Video_Representation:1.17168338907
Video_StallingMS:0.0
Video_SegmentBitrate:2710480.68116
Video_Switches:17.0
Avg.QoE.VideoQuality:810433723.667
Avg.QoE.QualityVariations:51068351.0
Avg.QoE.StallingTime:0.0

Total_Costs:482729.0
Avg_Costs:2.23902355309
Raw_Kilobytes_Costs:1936080.29376
AVG_Cost_Per_Kilobyte:2.23898568194
Total_Transmitted_Kilobytes:864713.119593

Total_Cache_Hits:49434.0
Total_Cache_Misses:57313.0
Total_Cache_Hit_Ratio:0.463094981592
