Video_Representation:1.17279821628
Video_StallingMS:0.0
Video_SegmentBitrate:2713809.86399
Video_Switches:17.0
Avg.QoE.VideoQuality:811429149.333
Avg.QoE.QualityVariations:51068351.0
Avg.QoE.StallingTime:0.0

Total_Costs:764695.0
Avg_Costs:2.1442912464
Raw_Kilobytes_Costs:3067000.75565
AVG_Cost_Per_Kilobyte:2.14428551849
Total_Transmitted_Kilobytes:1430313.60759

Total_Cache_Hits:331.0
Total_Cache_Misses:152413.0
Total_Cache_Hit_Ratio:0.00216702456398
