Video_Representation:1.17725752508
Video_StallingMS:0.0
Video_SegmentBitrate:2727126.59532
Video_Switches:17.0
Avg.QoE.VideoQuality:815410852.0
Avg.QoE.QualityVariations:51068351.0
Avg.QoE.StallingTime:0.0

Total_Costs:764231.0
Avg_Costs:2.14438517679
Raw_Kilobytes_Costs:3064868.78575
AVG_Cost_Per_Kilobyte:2.14439313356
Total_Transmitted_Kilobytes:1429247.62152

Total_Cache_Hits:1056.0
Total_Cache_Misses:151934.0
Total_Cache_Hit_Ratio:0.00690241192235
