Video_Representation:1.17279821628
Video_StallingMS:0.0
Video_SegmentBitrate:2713809.86399
Video_Switches:17.0
Avg.QoE.VideoQuality:811429149.333
Avg.QoE.QualityVariations:51068351.0
Avg.QoE.StallingTime:0.0

Total_Costs:758496.0
Avg_Costs:2.14555936173
Raw_Kilobytes_Costs:3041869.59696
AVG_Cost_Per_Kilobyte:2.14557349831
Total_Transmitted_Kilobytes:1417741.96939

Total_Cache_Hits:705.0
Total_Cache_Misses:150593.0
Total_Cache_Hit_Ratio:0.00465967825087
