Video_Representation:1.17279821628
Video_StallingMS:0.0
Video_SegmentBitrate:2713809.86399
Video_Switches:17.0
Avg.QoE.VideoQuality:811429149.333
Avg.QoE.QualityVariations:51068351.0
Avg.QoE.StallingTime:0.0

Total_Costs:761989.0
Avg_Costs:2.14483472994
Raw_Kilobytes_Costs:3056116.41354
AVG_Cost_Per_Kilobyte:2.14483655792
Total_Transmitted_Kilobytes:1424871.46737

Total_Cache_Hits:815.0
Total_Cache_Misses:151493.0
Total_Cache_Hit_Ratio:0.00535099929091
