Video_Representation:1.17056856187
Video_StallingMS:0.0
Video_SegmentBitrate:2707151.49833
Video_Switches:17.0
Avg.QoE.VideoQuality:809438298.0
Avg.QoE.QualityVariations:51068351.0
Avg.QoE.StallingTime:0.0

Total_Costs:512347.0
Avg_Costs:2.22342913931
Raw_Kilobytes_Costs:2055448.56053
AVG_Cost_Per_Kilobyte:2.22334013948
Total_Transmitted_Kilobytes:924486.777364

Total_Cache_Hits:45426.0
Total_Cache_Misses:66759.0
Total_Cache_Hit_Ratio:0.40492044391
