Video_Representation:1.16945373467
Video_StallingMS:0.0
Video_SegmentBitrate:2703822.3155
Video_Switches:17.0
Avg.QoE.VideoQuality:808442872.333
Avg.QoE.QualityVariations:51068351.0
Avg.QoE.StallingTime:0.0

Total_Costs:488181.0
Avg_Costs:2.23578308121
Raw_Kilobytes_Costs:1958196.53765
AVG_Cost_Per_Kilobyte:2.23573942212
Total_Transmitted_Kilobytes:875860.808412

Total_Cache_Hits:46481.0
Total_Cache_Misses:60191.0
Total_Cache_Hit_Ratio:0.435737588121
