Video_Representation:1.17056856187
Video_StallingMS:0.0
Video_SegmentBitrate:2707151.49833
Video_Switches:17.0
Avg.QoE.VideoQuality:809438298.0
Avg.QoE.QualityVariations:51068351.0
Avg.QoE.StallingTime:0.0

Total_Costs:468795.0
Avg_Costs:2.2467470226
Raw_Kilobytes_Costs:1880085.18789
AVG_Cost_Per_Kilobyte:2.24674210537
Total_Transmitted_Kilobytes:836805.071396

Total_Cache_Hits:48462.0
Total_Cache_Misses:54353.0
Total_Cache_Hit_Ratio:0.4713514565
