Video_Representation:1.17056856187
Video_StallingMS:0.0
Video_SegmentBitrate:2707151.49833
Video_Switches:17.0
Avg.QoE.VideoQuality:809438298.0
Avg.QoE.QualityVariations:51068351.0
Avg.QoE.StallingTime:0.0

Total_Costs:627172.0
Avg_Costs:2.17875480272
Raw_Kilobytes_Costs:2515523.45398
AVG_Cost_Per_Kilobyte:2.17874404576
Total_Transmitted_Kilobytes:1154575.02173

Total_Cache_Hits:42054.0
Total_Cache_Misses:97168.0
Total_Cache_Hit_Ratio:0.302064328914
