Video_Representation:1.17056856187
Video_StallingMS:0.0
Video_SegmentBitrate:2707151.49833
Video_Switches:17.0
Avg.QoE.VideoQuality:809438298.0
Avg.QoE.QualityVariations:51068351.0
Avg.QoE.StallingTime:0.0

Total_Costs:597610.0
Avg_Costs:2.1884624258
Raw_Kilobytes_Costs:2397349.94077
AVG_Cost_Per_Kilobyte:2.18841344666
Total_Transmitted_Kilobytes:1095473.95828

Total_Cache_Hits:34559.0
Total_Cache_Misses:93521.0
Total_Cache_Hit_Ratio:0.269823547783
