Video_Representation:1.17614269788
Video_StallingMS:0.0
Video_SegmentBitrate:2723797.41249
Video_Switches:17.0
Avg.QoE.VideoQuality:814415426.333
Avg.QoE.QualityVariations:51068351.0
Avg.QoE.StallingTime:0.0

Total_Costs:767000.0
Avg_Costs:2.14346397192
Raw_Kilobytes_Costs:3076030.27133
AVG_Cost_Per_Kilobyte:2.14347346066
Total_Transmitted_Kilobytes:1435068.04623

Total_Cache_Hits:54.0
Total_Cache_Misses:153199.0
Total_Cache_Hit_Ratio:0.000352358518267
