Video_Representation:1.17056856187
Video_StallingMS:0.0
Video_SegmentBitrate:2707151.49833
Video_Switches:17.0
Avg.QoE.VideoQuality:809438298.0
Avg.QoE.QualityVariations:51068351.0
Avg.QoE.StallingTime:0.0

Total_Costs:533582.0
Avg_Costs:2.21349130296
Raw_Kilobytes_Costs:2140566.02077
AVG_Cost_Per_Kilobyte:2.21342766875
Total_Transmitted_Kilobytes:967081.983743

Total_Cache_Hits:41022.0
Total_Cache_Misses:74282.0
Total_Cache_Hit_Ratio:0.355772566433
