Video_Representation:1.16945373467
Video_StallingMS:0.0
Video_SegmentBitrate:2703822.3155
Video_Switches:17.0
Avg.QoE.VideoQuality:808442872.333
Avg.QoE.QualityVariations:51068351.0
Avg.QoE.StallingTime:0.0

Total_Costs:497841.0
Avg_Costs:2.23068030594
Raw_Kilobytes_Costs:1997047.1669
AVG_Cost_Per_Kilobyte:2.23062450961
Total_Transmitted_Kilobytes:895286.122027

Total_Cache_Hits:48422.0
Total_Cache_Misses:61635.0
Total_Cache_Hit_Ratio:0.439972014502
