Video_Representation:1.17056856187
Video_StallingMS:0.0
Video_SegmentBitrate:2707151.49833
Video_Switches:17.0
Avg.QoE.VideoQuality:809438298.0
Avg.QoE.QualityVariations:51068351.0
Avg.QoE.StallingTime:0.0

Total_Costs:469515.0
Avg_Costs:2.2463220343
Raw_Kilobytes_Costs:1882938.37685
AVG_Cost_Per_Kilobyte:2.2463221725
Total_Transmitted_Kilobytes:838231.665922

Total_Cache_Hits:48184.0
Total_Cache_Misses:54673.0
Total_Cache_Hit_Ratio:0.468456206189
