Video_Representation:1.17279821628
Video_StallingMS:0.0
Video_SegmentBitrate:2713809.86399
Video_Switches:17.0
Avg.QoE.VideoQuality:811429149.333
Avg.QoE.QualityVariations:51068351.0
Avg.QoE.StallingTime:0.0

Total_Costs:750410.0
Avg_Costs:2.14727402274
Raw_Kilobytes_Costs:3009546.30615
AVG_Cost_Per_Kilobyte:2.1472461227
Total_Transmitted_Kilobytes:1401584.23123

Total_Cache_Hits:788.0
Total_Cache_Misses:148603.0
Total_Cache_Hit_Ratio:0.00527474881352
