Video_Representation:1.17279821628
Video_StallingMS:0.0
Video_SegmentBitrate:2713809.86399
Video_Switches:17.0
Avg.QoE.VideoQuality:811429149.333
Avg.QoE.QualityVariations:51068351.0
Avg.QoE.StallingTime:0.0

Total_Costs:753006.0
Avg_Costs:2.14671680384
Raw_Kilobytes_Costs:3019893.32743
AVG_Cost_Per_Kilobyte:2.14671067032
Total_Transmitted_Kilobytes:1406753.76947

Total_Cache_Hits:3313.0
Total_Cache_Misses:147938.0
Total_Cache_Hit_Ratio:0.0219039874117
