Video_Representation:1.17948717949
Video_StallingMS:0.0
Video_SegmentBitrate:2733784.96098
Video_Switches:17.0
Avg.QoE.VideoQuality:817401703.333
Avg.QoE.QualityVariations:51068351.0
Avg.QoE.StallingTime:0.0

Total_Costs:765919.0
Avg_Costs:2.14346202928
Raw_Kilobytes_Costs:3071565.1684
AVG_Cost_Per_Kilobyte:2.1434485312
Total_Transmitted_Kilobytes:1433001.59705

Total_Cache_Hits:181.0
Total_Cache_Misses:152939.0
Total_Cache_Hit_Ratio:0.00118207941484
