Video_Representation:1.1861761427
Video_StallingMS:0.0
Video_SegmentBitrate:2753760.05797
Video_Switches:17.0
Avg.QoE.VideoQuality:823374257.333
Avg.QoE.QualityVariations:51068351.0
Avg.QoE.StallingTime:0.0

Total_Costs:764052.0
Avg_Costs:2.14383479005
Raw_Kilobytes_Costs:3064033.60919
AVG_Cost_Per_Kilobyte:2.1438234507
Total_Transmitted_Kilobytes:1429237.84521

Total_Cache_Hits:539.0
Total_Cache_Misses:152255.0
Total_Cache_Hit_Ratio:0.00352762543032
