Video_Representation:1.17614269788
Video_StallingMS:0.0
Video_SegmentBitrate:2723797.41249
Video_Switches:17.0
Avg.QoE.VideoQuality:814415426.333
Avg.QoE.QualityVariations:51068351.0
Avg.QoE.StallingTime:0.0

Total_Costs:763493.0
Avg_Costs:2.14420357623
Raw_Kilobytes_Costs:3061796.91631
AVG_Cost_Per_Kilobyte:2.14420989189
Total_Transmitted_Kilobytes:1427937.12868

Total_Cache_Hits:340.0
Total_Cache_Misses:152148.0
Total_Cache_Hit_Ratio:0.00222968364724
