Video_Representation:0.258639910814
Video_StallingMS:0.0
Video_SegmentBitrate:1012025.48718
Video_Switches:16.3333333333
Avg.QoE.VideoQuality:302595620.667
Avg.QoE.QualityVariations:24456275.6667
Avg.QoE.StallingTime:0.0

Total_Costs:260966.0
Avg_Costs:2.14345790554
Raw_Kilobytes_Costs:1037503.07183
AVG_Cost_Per_Kilobyte:2.14344390811
Total_Transmitted_Kilobytes:484035.559739

Total_Cache_Hits:116.0
Total_Cache_Misses:52035.0
Total_Cache_Hit_Ratio:0.00222431017622
