Video_Representation:0.244147157191
Video_StallingMS:0.0
Video_SegmentBitrate:990325.153846
Video_Switches:15.6666666667
Avg.QoE.VideoQuality:296107221.0
Avg.QoE.QualityVariations:23458060.3333
Avg.QoE.StallingTime:0.0

Total_Costs:205446.0
Avg_Costs:2.18464286854
Raw_Kilobytes_Costs:817015.925382
AVG_Cost_Per_Kilobyte:2.18452825118
Total_Transmitted_Kilobytes:374001.080069

Total_Cache_Hits:10536.0
Total_Cache_Misses:33033.0
Total_Cache_Hit_Ratio:0.241823314742
