Video_Representation:0.246376811594
Video_StallingMS:0.0
Video_SegmentBitrate:993663.666667
Video_Switches:16.6666666667
Avg.QoE.VideoQuality:297105436.333
Avg.QoE.QualityVariations:24955383.3333
Avg.QoE.StallingTime:0.0

Total_Costs:260951.0
Avg_Costs:2.14282429647
Raw_Kilobytes_Costs:1037427.37572
AVG_Cost_Per_Kilobyte:2.14280743569
Total_Transmitted_Kilobytes:484144.005866

Total_Cache_Hits:56.0
Total_Cache_Misses:52161.0
Total_Cache_Hit_Ratio:0.0010724476703
