Video_Representation:0.260869565217
Video_StallingMS:0.0
Video_SegmentBitrate:1015364.0
Video_Switches:15.6666666667
Avg.QoE.VideoQuality:303593836.0
Avg.QoE.QualityVariations:23458060.3333
Avg.QoE.StallingTime:0.0

Total_Costs:259235.0
Avg_Costs:2.14486650174
Raw_Kilobytes_Costs:1030531.65725
AVG_Cost_Per_Kilobyte:2.14485645157
Total_Transmitted_Kilobytes:480466.492987

Total_Cache_Hits:449.0
Total_Cache_Misses:51446.0
Total_Cache_Hit_Ratio:0.00865208594277
